# SPDX-License-Identifier: Apache-2.0
# Original ClearUI Instrument pixel artwork, 2026.
# ASCII code followed by seven-bit rows, top to bottom. No resampling.
# Capitals: 11 rows. Lowercase: 8-row x-height, baseline row 10,
# descenders through row 13. Blank rows are implicit at the bottom.
20 00
21 08 08 08 08 08 08 08 00 00 08 08
22 14 14 14
23 14 14 14 7f 14 14 14 7f 14 14 14
24 08 3e 49 48 48 3e 09 09 49 3e 08
25 31 49 49 32 04 08 10 26 49 49 46
26 1c 22 22 22 14 28 49 45 42 45 3a
27 08 08 08
28 04 08 10 10 10 10 10 10 10 08 04
29 10 08 04 04 04 04 04 04 04 08 10
2a 00 00 08 2a 1c 2a 08
2b 00 00 08 08 08 7f 08 08 08
2c 00 00 00 00 00 00 00 00 00 08 08 10
2d 00 00 00 00 00 3e
2e 00 00 00 00 00 00 00 00 00 08 08
2f 01 01 02 02 04 08 10 20 20 40 40
30 1c 22 41 41 41 49 41 41 41 22 1c
31 08 18 28 08 08 08 08 08 08 08 1c
32 3e 41 41 01 02 04 08 10 20 40 7f
33 3e 41 01 01 02 1c 02 01 01 41 3e
34 02 06 0a 12 22 42 42 7f 02 02 02
35 7f 40 40 40 7e 01 01 01 01 41 3e
36 1e 20 40 40 5e 61 41 41 41 22 1c
37 7f 01 01 02 02 04 08 08 10 10 10
38 3e 41 41 41 22 1c 22 41 41 41 3e
39 1c 22 41 41 41 43 3d 01 01 02 3c
3a 00 00 00 08 08 00 00 00 08 08
3b 00 00 00 08 08 00 00 00 08 08 10
3c 00 01 02 04 08 10 08 04 02 01
3d 00 00 00 3e 00 00 00 3e
3e 00 40 20 10 08 04 08 10 20 40
3f 3e 41 41 01 02 04 08 08 00 08 08
40 1c 22 41 4d 55 55 55 5e 40 22 1c
41 08 14 22 41 41 41 7f 41 41 41 41
42 7e 41 41 41 42 7c 42 41 41 41 7e
43 1e 21 40 40 40 40 40 40 40 21 1e
44 7c 42 41 41 41 41 41 41 41 42 7c
45 7f 40 40 40 40 7e 40 40 40 40 7f
46 7f 40 40 40 40 7e 40 40 40 40 40
47 1e 21 40 40 40 47 41 41 41 23 1d
48 41 41 41 41 41 7f 41 41 41 41 41
49 3e 08 08 08 08 08 08 08 08 08 3e
4a 01 01 01 01 01 01 01 01 41 22 1c
4b 41 42 44 48 50 60 50 48 44 42 41
4c 40 40 40 40 40 40 40 40 40 40 7f
4d 41 63 55 49 49 41 41 41 41 41 41
4e 41 61 61 51 51 49 45 45 43 43 41
4f 1c 22 41 41 41 41 41 41 41 22 1c
50 7e 41 41 41 41 7e 40 40 40 40 40
51 1c 22 41 41 41 41 41 49 45 22 1d
52 7e 41 41 41 41 7e 48 44 42 41 41
53 3e 41 40 40 20 1c 02 01 01 41 3e
54 7f 08 08 08 08 08 08 08 08 08 08
55 41 41 41 41 41 41 41 41 41 22 1c
56 41 41 41 41 41 22 22 22 14 14 08
57 41 41 41 41 41 49 49 49 55 63 41
58 41 41 22 22 14 08 14 22 22 41 41
59 41 41 22 22 14 08 08 08 08 08 08
5a 7f 01 02 02 04 08 10 20 20 40 7f
5b 1c 10 10 10 10 10 10 10 10 10 1c
5c 40 40 20 20 10 08 04 02 02 01 01
5d 1c 04 04 04 04 04 04 04 04 04 1c
5e 08 14 22 41
5f 00 00 00 00 00 00 00 00 00 00 00 7f
60 10 08 04
61 00 00 00 3c 02 01 3f 41 41 43 3d
62 40 40 40 5c 62 41 41 41 41 62 5c
63 00 00 00 1e 21 40 40 40 40 21 1e
64 01 01 01 1d 23 41 41 41 41 23 1d
65 00 00 00 1c 22 41 7f 40 40 21 1e
66 0e 10 10 3c 10 10 10 10 10 10 10
67 00 00 00 1d 23 41 41 41 41 23 1d 01 22 1c
68 40 40 40 5c 62 41 41 41 41 41 41
69 08 00 00 08 08 08 08 08 08 08 08
6a 04 00 00 04 04 04 04 04 04 04 04 04 24 18
6b 40 40 40 42 44 48 50 60 50 48 44
6c 10 10 10 10 10 10 10 10 10 10 0c
6d 00 00 00 76 49 49 49 49 49 49 49
6e 00 00 00 5c 62 41 41 41 41 41 41
6f 00 00 00 1c 22 41 41 41 41 22 1c
70 00 00 00 5c 62 41 41 41 41 62 5c 40 40 40
71 00 00 00 1d 23 41 41 41 41 23 1d 01 01 01
72 00 00 00 2e 31 20 20 20 20 20 20
73 00 00 00 3e 41 40 3e 01 01 41 3e
74 10 10 10 3e 10 10 10 10 10 11 0e
75 00 00 00 41 41 41 41 41 41 23 1d
76 00 00 00 41 41 41 22 22 14 14 08
77 00 00 00 41 41 41 49 49 55 63 41
78 00 00 00 41 22 14 08 14 22 41 41
79 00 00 00 41 41 41 41 41 41 23 1d 01 22 1c
7a 00 00 00 7f 01 02 04 08 10 20 7f
7b 06 08 08 08 08 10 08 08 08 08 06
7c 08 08 08 08 08 08 08 08 08 08 08
7d 30 08 08 08 08 04 08 08 08 08 30
7e 00 00 00 00 32 49 26
